306
723
324
368
396
509
659
44
768
243
252
340
98
877
419
746
469
37
802
979
612
170
50
303
517
206
516
112
304
650
656
178
972
649
646
10
395
739
508
209
615
267
63
475
357
346
189
378
513
269
43
737
954
917
626
822
71
342
527
735
834
186
819
697
92
374
408
45
601
414
366
780
557
820
980
436
688
407
155
755
270
154
415
371
690
801
543
79
972
348
640
525
968
581
245
84
801
524
698
792
869
853
464
716
371
696
891
144
523
490
443
147
189
538
568
826
484
95
786
241
460
88
687
801
26
371
966
739
859
170
491
516
904
978
308
466
296
830
340
158
838
861
222
546
413
719
804
149
313
597
608
109
7
874
156
132
872
316
981
549
258
599
653
889
416
236
368
806
268
678
991
215
922
382
628
273
246
208
781
333
160
477
468
898
14
2
886
653
451
312
795
963
151
781
398
686
200
980
621
535
383
608
859
923
70
215
764
368
152
733
505
241
857
198
93
689
504
448
70
445
250
623
416
917
82
435
527
92
589
88
243
405
898
204
849
65
962
655
240
430
828
702
105
146
13
359
946
513
270
940
788
227
302
810
820
138
593
729
495
2
1
345
986
801
68
571
681
529
518
61
934
84
361
42
364
496
315
858
692
499
191
118
8
360
949
495
719
146
622
511
648
113
395
63
266
523
238
187
35
148
739
859
695
209
768
827
884
74
227
958
803
726
147
374
746
612
81
439
864
950
496
149
376
600
739
155
770
234
518
53
102
626
937
608
107
710
296
649
919
609
61
987
719
67
178
549
441
622
434
235
208
582
312
923
265
744
386
363
691
551
110
850
36
843
198
164
490
283
281
778
78
236
370
873
848
722
485
161
655
206
982
1
439
401
20
97
945
233
927
801
957
649
982
8
267
13
692
983
203
111
59
935
321
196
321
608
101
842
195
19
530
357
551
763
285
952
270
383
472
162
34
875
464
497
956
873
420
835
898
585
807
706
895
592
496
904
859
784
664
908
900
308
99
635
277
839
906
642
174
710
720
267
460
595
380
15
90
771
703
107
72
626
598
302
444
133
802
185
239
593
919
119
353
963
745
311
70
151
270
600
467
220
751
925
196
567
608
986
368
480
675
270
551
58
376
920
58
463
329
502
261
291
291
236
233
367
742
66
156
218
8
978
117
507
911
920
850
465
22
915
396
526
554
171
446
666
213
378
786
628
283
192
37
734
867
42
148
658
712
148
302
855
329
487
252
145
966
443
807
328
764
561
784
583
138
834
718
600
381
980
603
198
689
767
992
843
81
578
402
115
168
52
125
16
105
560
161
160
37
327
762
724
483
780
764
842
116
389
333
309
655
358
877
651
994
146
93
904
27
676
692
538
438
610
16
948
16
956
827
22
363
44
723
125
258
614
798
175
528
905
341
610
316
95
441
221
232
890
852
39
306
423
178
638
42
831
143
731
709
156
930
421
538
241
474
531
979
429
976
438
534
561
102
149
612
103
54
587
89
662
398
894
558
932
946
881
548
595
523
581
34
967
310
28
272
902
648
310
732
385
617
399
181
707
518
640
831
551
404
876
71
607
562
791
855
874
14
178
179
189
714
10
645
686
736
962
934
492
884
430
111
595
666
114
103
567
271
161
693
631
340
666
336
436
560
344
540
874
557
122
281
78
822
362
399
632
904
793
940
579
903
155
210
267
297
783
50
78
657
858
957
558
173
52
397
574
153
235
463
651
447
823
780
829
263
582
424
918
972
304
898
602
503
117
861
96
848
590
199
976
978
706
584
805
607
274
117
549
108
511
438
414
485
538
260
955
764
212
816
912
726
495
231
714
494
13
866
803
583
935
6
244
620
513
574
403
810
324
18
64
41
284
18
394
398
43
891
72
829
93
406
5
413
350
485
939
996
369
63
131
925
667
118
435
742
223
895
873
111
642
202
232
112
34
795
80
611
563
728
739
810
202
67
381
210
997
858
404
976
850
494
617
762
384
1
812
817
307
483
295
765
884
894
500
794
304
792
56
170
232
946
620
836
41
335
250
219
620
367
717
642
881
701
284
142
63
5
744
164
839
545
236
725
155
974
29
102
704
307
89
893
707
74
325
346
20
322
537
242
12
684
823
50
788
500
949
810
505
603
775
343
491
795
288
101
773
370
618
365
978
138
508
684
93
760
795
324
305
340
37
703
19
832
842
568
197
141
987
669
116
387
552
530
765
911
604
703
43
433
940
454
164
54
432
213
173
772
689
835
970
668
724
257
634
189
765
341
331
911
728

